Mon. Aug. 13, 2018             LANDSAT 7                 Time: 05:33
                         Image Assessment System
                           GCP Residual Report
----------------------------------------------------------------------------
WOID: L29057370            Path/Row: 013 / 028

L0R Reference Image: L72EDC1118199150101_HDF.182251009
Acquisition Date: Jul 18, 2018

Band Number:  5

GLS date for each WRS-2 path/row used:
Path  Row   Date
013   028   06-01-2001


Point_ID         Latitude  Longitude    Height       Across    Along    Residual  Residual
                                                      Scan      Scan      In y      in x
                                                    Residual  Residual    dir       dir
                   (deg)     (deg)     (meters)     (meters)  (meters)  (meters)  (meters)

0130280005_01   46.780607  -71.197941    29.543      -4.143     2.959    -4.719     1.910
0130280006_01   46.541102  -71.633534    84.601       6.499     3.331     5.546     4.757
0130280009_01   45.402122  -71.634878   252.307      -3.756     6.156    -5.091     5.106
0130280012_01   46.213279  -70.783136   126.823      -3.757     2.330    -4.201     1.386
0130280013_01   45.791096  -71.766641   277.000       1.407    -1.573     1.738    -1.200
0130280015_01   46.161887  -71.233781   550.770      -6.796     0.064    -6.619    -1.524
0130280017_01   45.750418  -72.329321   144.992      -3.715    -5.057    -2.422    -5.784
0130280018_01   46.006525  -70.975648   336.222       0.783    -2.653     1.375    -2.396
0130280021_01   46.806442  -71.216295    72.434       2.148    -1.553     2.452    -1.009
0130280022_01   46.778743  -71.306334    46.934      -3.471    -2.454    -2.801    -3.195
0130280023_01   45.963160  -72.537205    35.281      -0.340     3.665    -1.177     3.489
0130280024_01   45.825251  -71.716192   290.626       2.521     5.470     1.175     5.907
0130280026_01   45.936492  -70.949939   400.342      -4.011    -1.576    -3.535    -2.469
0130280028_01   45.641099  -72.127270    93.407      -5.800     4.063    -6.585     2.597
0130280031_01   46.050206  -71.269603   400.933       0.962    -2.672     1.557    -2.371
0130280037_01   46.718408  -70.886075    91.621       5.538     1.884     4.942     3.124
0130280041_01   46.083130  -70.800667   281.272       0.821    -0.871     0.995    -0.655
0130280045_01   46.675512  -71.101103    58.954      -5.838     0.748    -5.851    -0.635
0130280047_01   46.234727  -71.534396   242.756       0.300     2.693    -0.336     2.689
0130280048_01   46.069068  -71.966328   105.882       3.533     0.950     3.219     1.751
0130280052_01   46.072343  -72.499178    28.940       2.019    -4.778     3.093    -4.174
0130280057_01   46.309981  -71.451371   169.272      -3.659     1.894    -3.998     0.988
0130280058_01   46.875499  -71.730966   142.535      -0.005    -3.268     0.764    -3.178
0130280064_01   45.907198  -71.318304   306.938       1.987    -4.593     3.002    -4.000
0130280066_01   45.781148  -72.340414   102.245      -6.444    -4.418    -5.226    -5.800
0130280067_01   45.782363  -71.282247   269.279       0.468    -4.037     1.396    -3.815
0130280071_01   45.798889  -72.434129    85.000       0.428     0.183     0.382     0.281
0130280073_01   46.749693  -71.232820    20.368       3.351    -6.577     4.794    -5.613
0130280075_01   45.960921  -72.342695    56.000      -2.151    -5.122    -0.885    -5.482
0130280076_01   46.072030  -70.918629   217.000       2.167    -3.606     2.943    -3.000
0130280077_01   45.741481  -72.039931   127.490       5.710    -1.099     5.815     0.267
0130280080_01   46.820549  -72.382672   126.000      -3.214    -5.262    -1.884    -5.864
0130280089_01   45.862560  -72.076290    85.525      -0.033     4.552    -1.090     4.421
0130280091_01   46.543709  -70.679279   394.484      -4.285     0.470    -4.278    -0.544
0130280092_01   46.510721  -72.190129     4.271       5.245    -1.875     5.550    -0.598
0130280096_01   46.512389  -72.339625    -0.284       7.070     0.486     6.776     2.125
0130280103_01   45.855938  -72.294269    86.000       1.109    -5.880     2.463    -5.458
0130280109_01   45.916430  -70.589070   318.862       1.642     6.674     0.029     6.867
0130280113_01   45.690678  -72.377402   129.835      -0.761     3.481    -1.546     3.211
0130280115_01   46.402649  -71.768147    92.053      -3.407     5.811    -4.666     4.857
0130280118_01   46.217823  -71.762728   131.564       0.561    -1.400     0.877    -1.229
0130280120_01   46.693167  -71.358797    49.442       4.401     1.324     3.972     2.315
0130280123_01   46.647180  -71.996630    -0.983      -3.214     1.735    -3.524     0.940
0130280124_01   46.099115  -70.672714   195.549       2.760     3.038     1.966     3.596
0130280126_01   46.216564  -71.644806   266.518      -1.473    -1.794    -1.010    -2.087
0130280136_01   46.677895  -72.050111    16.405      -2.622     0.422    -2.640    -0.199
0130280143_01   45.828004  -71.879325   233.113      -2.941     0.808    -3.044     0.100
0130280145_01   46.374460  -71.623947   108.690       2.149     3.848     1.194     4.245
0130280146_01   46.005580  -71.493293   294.846       3.260    -0.765     3.348     0.018
0130280147_01   46.304480  -72.060067    61.554       6.785     5.405     5.343     6.843
0130280149_01   46.206829  -72.146029    63.948       2.658    -1.027     2.833    -0.376
0130280152_01   46.776717  -71.088532    56.686       4.373     0.184     4.208     1.199
0130280160_01   46.828504  -71.247884   -12.171      -0.701    -3.050     0.031    -3.129
0130280161_01   45.924561  -72.484060    45.128       5.822     1.901     5.229     3.212
0130280162_01   45.891581  -71.092214   285.048      -1.068    -1.616    -0.665    -1.821
0130280163_01   45.812212  -72.120624   118.490       2.228    -1.924     2.623    -1.349
0130280166_01   46.132480  -71.029860   292.059      -0.499     0.246    -0.547     0.122
0130280171_01   46.581920  -72.231509   -10.301      -4.587     5.626    -5.767     4.405
0130280174_01   45.793047  -72.466581    79.446      -5.681     2.108    -6.009     0.726
0130280176_01   46.259832  -72.361224    30.094       1.732     0.913     1.482     1.295
0130280178_01   45.663472  -71.541597   255.334       0.854    -0.719     0.998    -0.499
0130280187_01   46.463040  -70.947954   277.000      -2.421    -1.289    -2.056    -1.818
0130280189_01   46.136588  -72.186301    63.603      -1.878    -2.445    -1.247    -2.814
0130280192_01   45.783939  -71.881299   217.819       3.334     1.419     2.914     2.159
0130280195_01   45.955317  -71.937794   132.212      -2.118    -5.807    -0.698    -6.140
0130280196_01   46.179851  -70.708979   157.000       1.896     1.395     1.510     1.797
0130280197_01   46.534521  -72.484574    49.842      -0.010     2.532    -0.589     2.464
0130280198_01   46.302548  -72.209172    48.994      -1.114     6.693    -2.640     6.253
0130280202_01   45.671494  -71.421017   284.038      -1.677    -0.342    -1.552    -0.724
0130280203_01   46.131323  -72.342126    51.551       1.850    -5.392     3.070    -4.810
0130280204_01   46.163132  -71.487193   307.696       1.256    -1.398     1.548    -1.065
0130280205_01   46.111875  -71.594367   235.268       6.622     3.185     5.696     4.643
0130280208_01   45.729317  -72.412892    93.000      -0.286     2.890    -0.946     2.747
0130280211_01   45.792898  -70.993559   414.321      -3.959    -4.133    -2.887    -4.942
0130280212_01   46.540289  -71.451549   106.604       5.583    -1.582     5.800    -0.235
0130280216_01   46.596472  -70.846979   172.169      -1.396    -1.269    -1.065    -1.560
0130280217_01   45.306553  -71.725732   266.758       0.486     3.592    -0.367     3.606
0130280221_01   46.773061  -70.927671    36.326       1.495     5.457     0.178     5.654
0130280222_01   45.919263  -71.702983   328.008      -4.007     3.051    -4.605     2.030
0130280225_01   46.802517  -71.278648    -6.419      -2.640    -1.554    -2.203    -2.127
0130280226_01   46.721510  -72.074949    45.988      -3.675     1.432    -3.899     0.538
0130280230_01   45.946408  -72.000029   102.859      -4.086     1.352    -4.284     0.362
0130280232_01   45.626829  -71.295551   380.905      -1.930    -2.734    -1.240    -3.108
0130280233_01   45.960623  -70.975564   314.819       1.970    -3.833     2.804    -3.266
0130280235_01   46.101914  -70.266014   486.667       6.311    -0.027     6.124     1.446
0130280238_01   46.656017  -70.803914   271.167      -6.207    -2.471    -5.460    -3.850
0130280239_01   45.770508  -72.014499   154.000       6.812    -2.523     7.219    -0.861
0130280240_01   46.065270  -71.717475   186.764      -0.221    -4.644     0.873    -4.565
0130280242_01   46.596767  -71.535959    90.118      -4.878     4.322    -5.748     3.065
