Sat. Aug.  4, 2018             LANDSAT 7                 Time: 05:36
                         Image Assessment System
                           GCP Residual Report
----------------------------------------------------------------------------
WOID: L28968433            Path/Row: 014 / 028

L0R Reference Image: L72EDC1118190150101_HDF.182161003
Acquisition Date: Jul 09, 2018

Band Number:  5

GLS date for each WRS-2 path/row used:
Path  Row   Date
014   028   06-08-2001


Point_ID         Latitude  Longitude    Height       Across    Along    Residual  Residual
                                                      Scan      Scan      In y      in x
                                                    Residual  Residual    dir       dir
                   (deg)     (deg)     (meters)     (meters)  (meters)  (meters)  (meters)

0140280001_01   46.881033  -73.567466   289.380      -1.265    -0.636    -1.133    -0.850
0140280003_01   45.837420  -73.251832   -11.199      -0.551     2.769    -1.038     2.625
0140280004_01   45.525163  -73.735208   -11.196       4.102    -0.872     4.190    -0.123
0140280005_01   46.885126  -73.259035   221.096       0.917    -3.151     1.460    -2.937
0140280006_01   45.412574  -72.712127    98.178      -2.505    -0.670    -2.343    -1.109
0140280008_01   46.328593  -73.500499   190.319       0.615    -4.720     1.446    -4.533
0140280011_01   45.881808  -71.876767   261.181       1.151     0.958     0.963     1.149
0140280012_01   45.451589  -73.676618     9.000       4.282     1.629     3.918     2.369
0140280014_01   46.145672  -73.490713    59.116       1.083     1.270     0.838     1.442
0140280018_01   46.885321  -73.522462   273.000       3.501    -3.624     4.086    -2.944
0140280019_01   46.541919  -72.745718    59.547      -3.756     0.364    -3.760    -0.310
0140280021_01   46.622849  -72.661633   101.040       0.360     0.605     0.247     0.659
0140280022_01   45.707706  -72.202149   117.481      -4.941    -2.669    -4.382    -3.511
0140280023_01   45.547133  -73.497978   -15.000      -1.374    -1.563    -1.071    -1.784
0140280025_01   45.882629  -72.405635    73.846      -1.190    -1.450    -0.911    -1.640
0140280027_01   46.792557  -73.662979   327.327       3.968     4.271     3.141     4.903
0140280029_01   46.387224  -71.758290    93.314      -2.742    -5.062    -1.795    -5.471
0140280031_01   45.538215  -71.983091   125.581      -2.765     5.895    -3.774     5.304
0140280032_01   46.790172  -73.813978   326.646       1.311    -4.072     2.012    -3.772
0140280034_01   46.882144  -73.349300   249.282      -0.999    -3.428    -0.375    -3.549
0140280035_01   45.693183  -73.536842   -21.315       1.094     1.185     0.863     1.361
0140280036_01   45.309503  -73.234079     2.000      -0.527    -3.218     0.060    -3.260
0140280037_01   45.499328  -73.695084     3.725       2.525    -5.390     3.450    -4.849
0140280041_01   46.841688  -73.107778   157.983      -2.578    -1.065    -2.347    -1.505
0140280042_01   45.895212  -73.519943    10.238       1.933    -6.009     2.976    -5.565
0140280044_01   46.192474  -73.268598    72.616       1.368     6.842     0.124     6.974
0140280047_01   45.777323  -71.967510   181.890      -4.308     2.434    -4.672     1.622
0140280048_01   45.607862  -74.115770    23.000       6.452    -2.060     6.713    -0.872
0140280050_01   45.631597  -73.493798   -21.442      -2.628     3.048    -3.132     2.528
0140280052_01   45.536989  -73.592004    43.613      -2.210    -6.307    -1.043    -6.600
0140280054_01   45.558308  -74.334111    -1.030      -2.305     4.419    -3.062     3.933
0140280055_01   45.921872  -73.952942   209.271      -5.910     1.268    -6.039     0.191
0140280056_01   46.427910  -72.755891    65.001       0.789    -0.167     0.806    -0.024
0140280058_01   45.434146  -73.662835    -9.583       1.760     0.020     1.727     0.335
0140280059_01   46.055704  -71.977116   101.084       0.771     2.539     0.307     2.637
0140280060_01   45.285483  -72.989998    27.000       3.155    -2.478     3.548    -1.870
0140280061_01   45.804849  -72.210413   122.009      -3.046    -2.058    -2.628    -2.570
0140280066_01   45.757498  -71.953155   226.004       2.996    -0.875     3.106    -0.323
0140280067_01   45.599776  -73.718530     3.000       2.865    -0.572     2.919    -0.049
0140280068_01   45.402417  -74.195647    64.000      -6.120    -3.925    -5.315    -4.957
0140280070_01   45.770576  -73.350770   -15.000       0.302    -0.978     0.472    -0.908
0140280071_01   46.781871  -73.930492   323.690      -0.605    -2.304    -0.187    -2.374
0140280072_01   45.689030  -73.427529   -15.000      -1.630    -1.385    -1.356    -1.654
0140280074_01   46.437729  -72.614112    35.256      -2.971     1.616    -3.211     1.060
0140280076_01   46.273915  -73.759362   211.532       1.591     0.177     1.531     0.457
0140280077_01   45.820935  -72.400007    85.000      -2.250     0.258    -2.259    -0.149
0140280078_01   45.884393  -72.496800    51.616       3.813     1.328     3.514     1.989
0140280080_01   45.836217  -72.430972    77.000       0.147    -2.568     0.605    -2.499
0140280082_01   45.618167  -72.959285     1.000      -5.081    -0.465    -4.915    -1.368
0140280084_01   46.157029  -72.062490    69.988       1.729    -2.125     2.082    -1.781
0140280086_01   46.023303  -73.426604    27.958      -0.349     3.238    -0.923     3.123
0140280090_01   46.060438  -71.941949   127.052       1.393    -0.771     1.509    -0.509
0140280091_01   45.558884  -73.684480   -12.000       0.396    -2.507     0.838    -2.395
0140280092_01   46.206943  -72.146166    63.802       3.586    -1.743     3.840    -1.074
0140280093_01   46.350151  -72.545793   -11.425      -2.550     3.666    -3.163     3.153
0140280094_01   45.303946  -73.259125     1.000       1.788     3.771     1.081     4.030
0140280095_01   46.164109  -73.456013   123.485       1.216     1.482     0.930     1.674
0140280099_01   45.762849  -72.507646    88.479      -5.100    -0.819    -4.870    -1.720
0140280100_01   46.281300  -73.793464   222.913       1.943    -0.016     1.912     0.330
0140280104_01   46.090424  -73.182538   -23.995      -0.229     4.867    -1.095     4.747
0140280105_01   45.999112  -73.162672   -11.207      -2.024     1.631    -2.283     1.242
0140280107_01   46.418804  -72.587219    27.061       0.246    -0.378     0.310    -0.328
0140280108_01   45.776440  -72.121145   155.727      -6.216     1.667    -6.411     0.526
0140280110_01   46.805076  -73.718894   322.657      -0.026     3.467    -0.644     3.404
0140280113_01   45.473653  -74.188109    -4.767      -1.266    -0.138    -1.222    -0.362
0140280114_01   46.463629  -72.977136   148.291      -3.542    -1.067    -3.295    -1.680
0140280117_01   46.394556  -72.381073   -22.736       5.673    -0.079     5.597     0.934
0140280120_01   46.072379  -72.499172    28.971      -0.326     0.897    -0.481     0.824
0140280124_01   45.389134  -73.985819    -4.945       4.954    -0.114     4.891     0.775
0140280127_01   46.862210  -73.091706   158.379      -2.745     1.166    -2.908     0.660
0140280134_01   45.584339  -73.923471    14.000       0.169     3.486    -0.460     3.459
0140280135_01   45.346775  -73.696679    10.857      -2.123    -5.221    -1.151    -5.516
0140280138_01   46.288435  -72.680586   -13.000      -0.057     0.668    -0.175     0.647
0140280139_01   46.559664  -73.819402   428.214      -1.588     2.364    -1.984     2.041
0140280140_01   45.579028  -73.167199     2.994      -0.917     0.303    -0.956     0.134
0140280142_01   46.778601  -72.506733   140.658       5.488    -2.494     5.843    -1.479
0140280143_01   46.291358  -73.383500   162.549       2.769    -3.186     3.291    -2.640
0140280144_01   45.755225  -73.640914     3.730       1.096    -3.582     1.718    -3.327
0140280146_01   45.550748  -73.856854     0.000       5.532    -2.707     5.925    -1.672
0140280147_01   46.694402  -72.742517    78.640       0.018     2.349    -0.400     2.314
0140280150_01   46.267250  -72.797110   -22.072      -3.914    -0.488    -3.764    -1.179
0140280151_01   45.445155  -73.311562   -19.000      -0.251    -0.337    -0.186    -0.376
0140280153_01   46.406485  -73.710694   272.327      -0.555    -2.960    -0.019    -3.010
0140280155_01   45.664280  -73.645428     0.421       1.439     3.904     0.715     4.098
0140280156_01   45.660839  -72.342736   159.991       3.913     0.967     3.677     1.653
0140280160_01   46.302513  -72.278333    29.970       3.823     1.990     3.408     2.641
0140280162_01   45.911866  -74.145768   151.000      -2.175    -0.681    -2.019    -1.058
0140280167_01   46.132932  -72.477789    30.462       2.818     2.617     2.306     3.079
0140280168_01   45.517434  -73.360872    -1.000      -0.903     1.518    -1.161     1.331
0140280171_01   45.519452  -73.683863     0.000       0.790     0.377     0.709     0.512
0140280173_01   45.583802  -73.394706     3.000       1.627     0.019     1.597     0.310
0140280174_01   45.847147  -73.960527   121.000      -1.382    -4.280    -0.594    -4.457
0140280175_01   45.446942  -72.055486   237.660      -0.037    -1.722     0.274    -1.700
0140280176_01   46.095727  -73.354297    20.559      -1.784     3.789    -2.432     3.409
0140280177_01   46.830607  -73.888615   319.888       6.371     6.687     5.073     7.705
0140280178_01   46.244588  -72.648967   -22.505      -5.738    -1.046    -5.459    -2.054
0140280180_01   45.475245  -73.556311   -15.831       3.570     0.196     3.476     0.833
0140280183_01   45.440632  -73.890150     0.000      -3.037     1.638    -3.282     1.066
0140280184_01   45.466016  -73.835926    16.087      -3.415     2.650    -3.836     1.994
0140280185_01   45.342780  -73.152630    25.180      -0.640     0.465    -0.713     0.342
0140280186_01   46.434161  -73.133651   129.304      -1.236     0.897    -1.376     0.662
0140280190_01   45.771350  -74.031004    84.621       0.612    -5.338     1.557    -5.140
0140280191_01   45.776154  -73.963005    45.000      -4.691     3.761    -5.289     2.860
0140280192_01   46.107296  -72.722748     2.531      -3.908     3.198    -4.415     2.448
0140280193_01   46.559853  -72.683914    97.426      -4.768     3.362    -5.289     2.459
0140280194_01   46.861149  -73.227141   197.216       1.160    -2.793     1.637    -2.542
0140280195_01   45.963329  -74.205378   302.887      -5.377     2.417    -5.720     1.416
0140280198_01   46.197831  -72.457710    32.299       4.396    -5.084     5.234    -4.217
0140280199_01   46.358704  -73.353827   136.226      -0.173    -4.216     0.581    -4.178
0140280200_01   45.529670  -73.999048    42.168      -0.924    -1.818    -0.583    -1.954
0140280202_01   46.367142  -72.647612    33.237       1.818    -1.511     2.059    -1.163
0140280203_01   45.561116  -73.895084    -4.155      -0.605     1.949    -0.946     1.808
0140280204_01   46.190017  -72.339881    59.937       4.058    -1.367     4.237    -0.620
0140280205_01   45.470812  -73.425167   -10.000       5.082     1.478     4.733     2.365
0140280206_01   46.283475  -73.696448   368.589      -4.435     5.629    -5.365     4.744
0140280207_01   45.772039  -72.987248   -11.145      -4.245     5.813    -5.216     4.959
0140280209_01   46.872886  -73.675551   327.174      -3.687    -2.502    -3.182    -3.115
0140280211_01   45.660049  -73.747962   -15.195       6.277     1.933     5.826     3.025
0140280212_01   46.361325  -72.817120    13.276      -1.553     1.479    -1.792     1.179
0140280214_01   45.389173  -73.380297     1.000       1.781     1.573     1.469     1.866
0140280216_01   45.656512  -73.438837   -17.927      -0.393     2.302    -0.800     2.193
0140280217_01   46.328013  -72.423229   -14.875       5.404    -3.264     5.901    -2.248
0140280218_01   45.749154  -73.823882    33.985       5.567     6.929     4.232     7.810
0140280220_01   46.655130  -72.134420     3.635       1.633     1.814     1.286     2.076
0140280224_01   46.553919  -72.093182     9.000       6.019     0.639     5.812     1.702
0140280229_01   45.908129  -73.870813   140.241      -6.537    -0.596    -6.323    -1.753
0140280230_01   46.607947  -71.830150    39.378      -0.066     2.948    -0.588     2.890
0140280236_01   46.271666  -73.567074   198.048      -0.064    -4.808     0.794    -4.740
0140280241_01   45.416507  -74.028273    -8.000       5.252     4.859     4.291     5.720
0140280242_01   45.453797  -73.634746     9.808       0.271    -5.395     1.234    -5.258
0140280243_01   45.216804  -72.531246   181.414       5.610    -2.905     6.040    -1.847
0140280244_01   45.443768  -74.240325    60.682      -3.884     0.477    -3.907    -0.227
0140280246_01   45.388294  -74.077811    16.000      -2.855    -3.426    -2.193    -3.882
0140280247_01   45.827192  -73.420939   -23.000       1.418     1.827     1.067     2.051
0140280248_01   45.641030  -72.126939    93.395      -0.638     0.401    -0.698     0.280
0140280250_01   46.425155  -71.791573    87.113      -4.406    -3.157    -3.773    -3.893
